3,2
3,1
3,3
10,242
10,276
10,202
10,224
10,198
10,188
10,220
11,11
11,2
8,9
8,17
8,5
8,11
8,2
8,3
0,416
80,5
80,4
80,3
80,2
80,1
80,0
79,4
79,3
79,2
79,1
79,0
78,4
78,3
78,2
78,1
78,0
77,5
77,4
77,3
77,2
77,1
77,0
76,7
76,6
76,5
76,4
76,3
76,2
76,1
76,0
75,4
75,3
75,2
75,1
75,0
74,4
74,3
74,2
74,1
74,0
73,4
73,3
73,2
73,1
73,0
72,4
72,3
72,2
72,1
72,0
71,7
71,6
71,5
71,4
71,3
71,2
71,1
71,0
20,3
20,2
20,1
19,3
19,2
19,1
18,3
18,1
14,8
14,3
14,1
13,3
13,1
12,3
12,2
12,1
11,30
11,28
11,27
11,26
11,25
11,24
11,23
11,22
11,21
11,20
11,19
11,18
11,17
11,16
11,15
11,14
11,13
11,12
11,10
11,9
11,7
11,6
11,5
11,1
11,4
